0 0.105533 0.283514 0.022541 0.048913
0 0.299693 0.220109 0.013320 0.027174
0 0.403689 0.277174 0.014344 0.036232
0 0.572234 0.280797 0.021516 0.043478
0 0.484631 0.226449 0.016393 0.036232
0 0.450307 0.221014 0.017418 0.036232
0 0.628074 0.258152 0.022541 0.041667
0 0.686988 0.260870 0.017418 0.043478
0 0.717213 0.257246 0.012295 0.047101
0 0.742316 0.269928 0.017418 0.043478
0 0.768955 0.275362 0.015369 0.039855
0 0.801230 0.291667 0.018443 0.043478
0 0.860143 0.310688 0.025615 0.041667
0 0.876537 0.275362 0.017418 0.047101
0 0.837602 0.248188 0.019467 0.036232
0 0.752049 0.214674 0.014344 0.034420
0 0.796619 0.231884 0.021516 0.032609
0 0.807377 0.169384 0.016393 0.038043
0 0.701844 0.164855 0.016393 0.025362
0 0.675205 0.230978 0.022541 0.038043
0 0.627561 0.205616 0.021516 0.019928
0 0.503586 0.192935 0.013320 0.034420
0 0.479508 0.167572 0.012295 0.027174
0 0.506660 0.148551 0.019467 0.021739
0 0.523053 0.182971 0.013320 0.025362
0 0.482582 0.135870 0.012295 0.018116
0 0.437500 0.143116 0.012295 0.021739
0 0.444160 0.179348 0.013320 0.032609
0 0.393955 0.221014 0.015369 0.021739
0 0.418545 0.221920 0.013320 0.027174
0 0.359631 0.230978 0.018443 0.023551
0 0.371414 0.198370 0.011270 0.023551
0 0.388832 0.195652 0.015369 0.018116
0 0.381148 0.177536 0.014344 0.028986
0 0.553791 0.130435 0.009221 0.021739
0 0.560963 0.198370 0.013320 0.030797
0 0.585553 0.177536 0.013320 0.028986
0 0.692111 0.126812 0.011270 0.032609
0 0.607582 0.173007 0.016393 0.027174
0 0.631660 0.125906 0.011270 0.030797
0 0.918545 0.347826 0.017418 0.047101
0 0.929303 0.289855 0.018443 0.043478
0 0.842725 0.163949 0.009221 0.019928
0 0.860656 0.201993 0.022541 0.027174
