0 0.207046 0.426117 0.039575 0.082474
0 0.262066 0.275773 0.018340 0.036082
0 0.381757 0.268900 0.020270 0.039519
0 0.416988 0.285223 0.019305 0.048110
0 0.501931 0.300687 0.027027 0.044674
0 0.551158 0.313574 0.030888 0.049828
0 0.678571 0.318729 0.030888 0.060137
0 0.739865 0.342784 0.027992 0.063574
0 0.776062 0.299828 0.019305 0.046392
0 0.885135 0.261168 0.017375 0.054983
0 0.824324 0.243127 0.023166 0.042955
0 0.794402 0.185567 0.015444 0.030928
0 0.746139 0.208763 0.023166 0.032646
0 0.726834 0.270619 0.027027 0.046392
0 0.670367 0.250859 0.020270 0.051546
0 0.706081 0.221649 0.024131 0.034364
0 0.663127 0.209622 0.023166 0.024055
0 0.618243 0.205326 0.016409 0.039519
0 0.608591 0.261168 0.024131 0.048110
0 0.573359 0.239691 0.023166 0.036082
0 0.533784 0.212199 0.015444 0.039519
0 0.571429 0.176117 0.007722 0.029210
0 0.848456 0.192440 0.015444 0.034364
0 0.840734 0.141753 0.011583 0.025773
0 0.876931 0.141753 0.010618 0.022337
0 0.900097 0.200172 0.014479 0.046392
0 0.803571 0.132302 0.010618 0.027491
0 0.773166 0.128007 0.013514 0.039519
0 0.730695 0.153780 0.015444 0.032646
0 0.694015 0.151203 0.013514 0.030928
0 0.656853 0.163230 0.016409 0.034364
0 0.483591 0.219072 0.021236 0.032646
0 0.500965 0.195017 0.021236 0.029210
0 0.462838 0.162371 0.018340 0.039519
0 0.330116 0.252577 0.019305 0.037801
0 0.297780 0.262027 0.026062 0.046392
0 0.346042 0.208763 0.018340 0.036082
0 0.323842 0.213058 0.022201 0.034364
0 0.423263 0.195017 0.020270 0.039519
0 0.616795 0.151203 0.017375 0.041237
