0 0.030488 0.348301 0.012195 0.026699
0 0.620596 0.300971 0.024390 0.048544
0 0.689702 0.305825 0.021680 0.048544
0 0.724255 0.319175 0.025745 0.046117
0 0.814363 0.428398 0.024390 0.055825
0 0.890921 0.395631 0.025745 0.058252
0 0.817073 0.292476 0.027100 0.055825
0 0.775068 0.287621 0.024390 0.050971
0 0.727642 0.262136 0.018970 0.043689
0 0.753388 0.233010 0.018970 0.038835
0 0.733062 0.194175 0.018970 0.038835
0 0.738482 0.158981 0.018970 0.046117
0 0.768970 0.182039 0.025745 0.033981
0 0.827913 0.195388 0.016260 0.041262
0 0.878726 0.216019 0.014905 0.029126
0 0.901762 0.225728 0.020325 0.048544
0 0.862466 0.078883 0.017615 0.026699
0 0.799458 0.101942 0.018970 0.029126
0 0.777100 0.138350 0.017615 0.024272
0 0.850949 0.160194 0.016260 0.033981
0 0.661247 0.222087 0.018970 0.031553
0 0.648374 0.175971 0.020325 0.041262
0 0.614499 0.252427 0.028455 0.043689
0 0.386179 0.274272 0.024390 0.029126
0 0.468157 0.223301 0.014905 0.038835
0 0.437669 0.231796 0.016260 0.036408
0 0.514228 0.216019 0.014905 0.024272
0 0.491192 0.191748 0.012195 0.024272
0 0.650407 0.138350 0.016260 0.024272
0 0.619919 0.148058 0.023035 0.029126
0 0.594173 0.134709 0.012195 0.031553
0 0.493225 0.317961 0.024390 0.048544
0 0.536585 0.321602 0.021680 0.046117
0 0.308943 0.262136 0.013550 0.024272
0 0.422087 0.183252 0.014905 0.036408
0 0.387534 0.179612 0.018970 0.033981
0 0.409214 0.128641 0.008130 0.029126
