0 0.069240 0.572011 0.052083 0.115761
0 0.158088 0.577446 0.040441 0.073370
0 0.109069 0.513587 0.033701 0.077174
0 0.018382 0.498913 0.034314 0.081522
0 0.066942 0.464946 0.034007 0.064674
0 0.375766 0.479076 0.028493 0.059239
0 0.408395 0.482065 0.020221 0.056522
0 0.490809 0.517663 0.022059 0.053804
0 0.521599 0.511413 0.019301 0.053261
0 0.566789 0.521196 0.022672 0.048913
0 0.669424 0.543750 0.031250 0.066848
0 0.723958 0.517391 0.024510 0.051087
0 0.611826 0.521196 0.020833 0.048913
0 0.611520 0.477446 0.017770 0.036413
0 0.644914 0.482609 0.018382 0.034783
0 0.692402 0.482609 0.018382 0.035870
0 0.494945 0.431250 0.015012 0.030978
0 0.500766 0.468750 0.015625 0.035326
0 0.399816 0.430435 0.020833 0.040217
0 0.345435 0.449728 0.018689 0.036413
0 0.330423 0.491576 0.026654 0.045109
0 0.260263 0.434239 0.023591 0.053261
0 0.228248 0.427989 0.022672 0.040761
0 0.530944 0.480707 0.014706 0.032065
