1 0.170940 0.582407 0.026496 0.062963
1 0.210043 0.581944 0.023504 0.056481
1 0.231838 0.568981 0.022650 0.067593
1 0.272222 0.586111 0.027350 0.059259
1 0.308547 0.575463 0.028205 0.063889
1 0.345299 0.571759 0.026496 0.073148
1 0.374359 0.570370 0.021368 0.072222
1 0.410043 0.568519 0.030342 0.064815
1 0.442735 0.589815 0.029060 0.061111
1 0.477991 0.552778 0.026068 0.062963
1 0.508974 0.587500 0.026496 0.067593
1 0.541026 0.589815 0.028205 0.061111
1 0.569658 0.606481 0.023932 0.068519
1 0.601709 0.567130 0.029060 0.076852
1 0.627137 0.593981 0.025214 0.075000
1 0.680128 0.557870 0.030342 0.065741
1 0.755983 0.594444 0.028205 0.068519
1 0.778419 0.595370 0.023504 0.066667
1 0.812393 0.600463 0.031624 0.067593
1 0.853846 0.593981 0.027350 0.075000
1 0.890385 0.583796 0.031197 0.069444
