0 0.829488 0.359680 0.024072 0.047957
0 0.846038 0.303730 0.019057 0.053286
0 0.901705 0.323268 0.020060 0.049734
0 0.925777 0.280639 0.018054 0.053286
0 0.925276 0.237123 0.021063 0.040853
0 0.884152 0.237123 0.023069 0.040853
0 0.785356 0.263766 0.018054 0.044405
0 0.812437 0.246892 0.018054 0.039076
0 0.784855 0.201599 0.019057 0.037300
0 0.767803 0.185613 0.013039 0.030195
0 0.719659 0.235346 0.017051 0.033748
0 0.737212 0.364121 0.024072 0.056838
0 0.681043 0.342806 0.026078 0.053286
0 0.660481 0.271758 0.023069 0.049734
0 0.633902 0.245115 0.020060 0.042629
0 0.618857 0.293961 0.028084 0.058615
0 0.587763 0.275311 0.022066 0.046181
0 0.592778 0.242451 0.024072 0.058615
0 0.523571 0.277087 0.038114 0.049734
0 0.554664 0.180284 0.016048 0.026643
0 0.562187 0.153641 0.015045 0.033748
0 0.586760 0.110124 0.008024 0.021314
0 0.636409 0.150089 0.015045 0.026643
0 0.632899 0.101243 0.012036 0.024867
0 0.654463 0.102131 0.013039 0.023091
0 0.753260 0.125222 0.014042 0.033748
0 0.740722 0.168739 0.015045 0.021314
0 0.705115 0.161634 0.012036 0.024867
0 0.724173 0.136767 0.014042 0.024867
0 0.762788 0.137655 0.013039 0.026643
0 0.786861 0.158970 0.007021 0.019538
0 0.805918 0.192718 0.011033 0.026643
0 0.821966 0.165187 0.011033 0.028419
0 0.839519 0.212256 0.014042 0.030195
0 0.852558 0.183837 0.014042 0.030195
0 0.864594 0.191829 0.014042 0.028419
0 0.890171 0.198934 0.015045 0.028419
0 0.879639 0.147425 0.010030 0.028419
0 0.938816 0.213144 0.010030 0.031972
0 0.933300 0.180284 0.013039 0.023091
0 0.667001 0.210480 0.018054 0.033748
0 0.697593 0.201599 0.017051 0.033748
0 0.314443 0.232682 0.015045 0.028419
0 0.346540 0.203375 0.013039 0.015986
0 0.406720 0.198934 0.013039 0.024867
0 0.440822 0.212256 0.011033 0.023091
0 0.488967 0.238011 0.017051 0.028419
0 0.418255 0.178508 0.016048 0.026643
0 0.470913 0.149201 0.011033 0.021314
0 0.465898 0.131439 0.013039 0.024867
0 0.497994 0.130551 0.011033 0.019538
0 0.524574 0.161634 0.014042 0.028419
0 0.537613 0.139432 0.012036 0.023091
0 0.528586 0.119893 0.014042 0.030195
0 0.510532 0.114565 0.010030 0.023091
0 0.596790 0.170515 0.014042 0.028419
0 0.621364 0.142096 0.013039 0.028419
0 0.698596 0.128774 0.011033 0.026643
