0 0.195618 0.668357 0.084507 0.139959
0 0.517997 0.646045 0.093897 0.148073
0 0.067293 0.523327 0.065728 0.105477
0 0.199531 0.488844 0.042254 0.073022
0 0.278560 0.557809 0.059468 0.093306
0 0.077465 0.379310 0.039124 0.060852
0 0.121283 0.389452 0.032864 0.056795
0 0.164319 0.398580 0.031299 0.054767
0 0.223787 0.421907 0.034429 0.060852
0 0.442097 0.559838 0.064163 0.121704
0 0.378717 0.509128 0.046948 0.064909
0 0.892019 0.593306 0.068858 0.103448
0 0.953052 0.516227 0.053208 0.087221
0 0.831768 0.523327 0.051643 0.081136
0 0.779343 0.517241 0.046948 0.077079
0 0.723787 0.498986 0.029734 0.056795
0 0.489828 0.514199 0.037559 0.075051
0 0.332551 0.509128 0.032864 0.081136
0 0.524257 0.503043 0.034429 0.068966
