0 0.814491 0.625817 0.084865 0.116830
0 0.445925 0.590686 0.073223 0.098039
0 0.274663 0.505515 0.097733 0.092729
0 0.215533 0.348652 0.055453 0.064134
0 0.336397 0.362745 0.045956 0.057190
0 0.410233 0.335989 0.032475 0.046977
0 0.840380 0.354779 0.042892 0.081291
0 0.681066 0.334967 0.026961 0.037582
0 0.072457 0.380310 0.037071 0.054739
0 0.129596 0.337214 0.027574 0.042075
0 0.026654 0.324142 0.030637 0.041258
0 0.614583 0.379289 0.023897 0.032271
0 0.456955 0.358456 0.019301 0.036356
0 0.750306 0.398897 0.026348 0.047794
0 0.635417 0.382761 0.015931 0.037582
