1 0.690385 0.530556 0.098718 0.166667
1 0.817094 0.336574 0.048718 0.093519
1 0.462179 0.392130 0.053419 0.108333
1 0.642308 0.303241 0.028205 0.058333
1 0.311111 0.323148 0.037607 0.072222
1 0.228419 0.306944 0.024359 0.050926
1 0.419017 0.293056 0.019231 0.043519
1 0.568590 0.275926 0.019231 0.038889
1 0.503632 0.266667 0.017521 0.033333
1 0.714530 0.254630 0.013675 0.031481
1 0.539103 0.244444 0.012393 0.031481
1 0.396795 0.263426 0.015812 0.030556
1 0.823077 0.234259 0.011111 0.024074
1 0.614957 0.248148 0.014530 0.029630
1 0.468376 0.230093 0.008547 0.021296
1 0.340812 0.235185 0.009829 0.022222
