1 0.790379 0.725833 0.098825 0.153168
0 0.839138 0.517799 0.085764 0.127041
0 0.447214 0.558785 0.078581 0.115611
1 0.520788 0.696930 0.102090 0.145656
1 0.957771 0.547681 0.058772 0.087524
1 0.186874 0.629164 0.083805 0.150555
1 0.076295 0.507348 0.056813 0.093076
1 0.266326 0.583932 0.045059 0.100588
1 0.351763 0.532495 0.051807 0.078054
1 0.391054 0.491019 0.056813 0.110712
1 0.518394 0.487263 0.060296 0.092750
1 0.566935 0.485957 0.040270 0.070542
1 0.613953 0.393044 0.029822 0.055193
1 0.726818 0.357773 0.041794 0.055193
0 0.298977 0.492325 0.040270 0.072828
1 0.121463 0.411822 0.033522 0.052907
1 0.373531 0.386675 0.045276 0.067929
0 0.472573 0.338668 0.033087 0.049641
1 0.515999 0.316623 0.014149 0.034291
1 0.642360 0.310255 0.016979 0.035271
1 0.423814 0.334422 0.022638 0.038537
1 0.253483 0.298334 0.018938 0.028413
1 0.684915 0.371326 0.035916 0.047028
1 0.578472 0.427335 0.031128 0.053886
1 0.914018 0.314500 0.020897 0.041150
1 0.957989 0.305356 0.021768 0.042456
1 0.781563 0.348465 0.018938 0.032658
1 0.937201 0.301764 0.018067 0.035271
