1 0.731624 0.483796 0.048718 0.089815
1 0.807265 0.356944 0.030769 0.047222
1 0.766667 0.323148 0.023932 0.042593
1 0.704701 0.325000 0.021368 0.038889
1 0.668162 0.437037 0.032051 0.064815
1 0.605128 0.374537 0.031624 0.063889
1 0.643162 0.295370 0.017949 0.031481
1 0.681197 0.299074 0.015385 0.029630
1 0.552564 0.368056 0.028205 0.060185
1 0.493376 0.314815 0.014103 0.037037
1 0.367735 0.274074 0.014103 0.035185
1 0.228419 0.309259 0.020085 0.042593
1 0.189744 0.328241 0.026496 0.058333
1 0.138034 0.384722 0.037607 0.080556
