1 0.204060 0.571296 0.059402 0.090741
1 0.416239 0.483796 0.040171 0.082407
1 0.241880 0.447222 0.023077 0.051852
1 0.331197 0.378241 0.029060 0.056481
1 0.151496 0.369444 0.026068 0.048148
1 0.101068 0.367130 0.020940 0.043519
1 0.524573 0.456019 0.027778 0.050926
1 0.659615 0.446759 0.028632 0.049074
1 0.439316 0.350926 0.024786 0.050000
1 0.757906 0.375926 0.020940 0.038889
1 0.797863 0.380556 0.017949 0.029630
1 0.848077 0.350926 0.014103 0.033333
1 0.827137 0.290278 0.011538 0.034259
1 0.797436 0.298611 0.012821 0.023148
1 0.726923 0.353241 0.014530 0.030556
1 0.704915 0.350926 0.013248 0.027778
1 0.669231 0.357407 0.013675 0.031481
1 0.598932 0.337500 0.013248 0.026852
1 0.507051 0.354167 0.013248 0.028704
1 0.347650 0.322685 0.012393 0.026852
1 0.394231 0.325463 0.009829 0.023148
1 0.413248 0.261574 0.009402 0.019444
1 0.465812 0.334722 0.012821 0.026852
1 0.508333 0.275463 0.009829 0.019444
1 0.307265 0.317130 0.010256 0.023148
1 0.643590 0.299537 0.011966 0.026852
