1 0.269231 0.367593 0.017094 0.033333
1 0.308761 0.450000 0.038034 0.094444
1 0.374359 0.497685 0.055556 0.123148
1 0.782051 0.465741 0.035897 0.092593
1 0.761111 0.435648 0.030769 0.071296
1 0.845085 0.388889 0.021795 0.051852
1 0.687393 0.406944 0.026068 0.056481
1 0.616453 0.394444 0.032051 0.057407
1 0.560897 0.381019 0.022650 0.050926
1 0.532479 0.377315 0.017949 0.043519
1 0.477991 0.369444 0.026068 0.046296
1 0.440812 0.368056 0.015812 0.036111
1 0.415385 0.367130 0.014530 0.037963
1 0.662393 0.368056 0.017094 0.036111
1 0.709402 0.381481 0.017949 0.040741
1 0.578632 0.363426 0.013675 0.036111
