0 0.239326 0.853588 0.124228 0.243441
0 0.402392 0.724344 0.101080 0.187114
0 0.492541 0.690394 0.077675 0.134645
0 0.132973 0.661073 0.077160 0.123071
0 0.181970 0.583526 0.041924 0.103009
0 0.268261 0.597608 0.049383 0.092593
0 0.371785 0.559799 0.049126 0.071759
0 0.445859 0.544367 0.041409 0.081790
0 0.566744 0.649691 0.057870 0.108025
0 0.628344 0.549769 0.042181 0.077160
0 0.513632 0.566358 0.048354 0.084105
0 0.562243 0.519869 0.027778 0.049769
0 0.588220 0.497106 0.026749 0.050540
0 0.021476 0.562307 0.042438 0.082176
0 0.058513 0.484568 0.040381 0.070216
0 0.146219 0.478974 0.038323 0.048997
0 0.218750 0.515432 0.046039 0.062500
0 0.847351 0.397377 0.057870 0.105710
0 0.649306 0.482060 0.015175 0.040509
0 0.379244 0.462384 0.024434 0.050540
0 0.411523 0.462577 0.021091 0.037809
0 0.436600 0.433256 0.018776 0.037037
0 0.334491 0.462963 0.023920 0.042438
0 0.295525 0.453318 0.022119 0.037037
0 0.588349 0.449653 0.018776 0.032793
0 0.561600 0.466049 0.017747 0.029321
0 0.536394 0.473187 0.017747 0.032022
0 0.518004 0.488812 0.022634 0.037809
0 0.482510 0.480324 0.022119 0.040123
0 0.505144 0.451968 0.015432 0.034336
0 0.109568 0.403935 0.019033 0.036265
0 0.070216 0.410108 0.018004 0.037809
0 0.087449 0.386381 0.017490 0.035108
0 0.153421 0.382523 0.017747 0.032022
0 0.231096 0.404707 0.018776 0.030864
0 0.130401 0.390046 0.017490 0.031636
0 0.459105 0.483989 0.022119 0.035108
0 0.277263 0.516975 0.036008 0.046296
