0 0.759498 0.753268 0.102328 0.141340
0 0.228094 0.652778 0.090993 0.134804
0 0.339920 0.550041 0.071385 0.103350
0 0.115809 0.589052 0.079657 0.129085
0 0.052083 0.506332 0.046569 0.077206
0 0.130208 0.506127 0.055147 0.064542
0 0.140012 0.430351 0.039216 0.060049
0 0.176777 0.472835 0.039216 0.068219
0 0.236060 0.430964 0.041360 0.063725
0 0.300245 0.444853 0.041054 0.055556
0 0.359835 0.446078 0.037684 0.066176
0 0.222273 0.539420 0.062194 0.087827
0 0.400582 0.448734 0.031556 0.064134
0 0.463235 0.362541 0.037377 0.069036
0 0.509498 0.410743 0.030025 0.060049
0 0.467984 0.462623 0.037684 0.073121
0 0.566942 0.482435 0.049326 0.086601
0 0.505515 0.653595 0.057598 0.110294
0 0.952972 0.553513 0.076287 0.107026
0 0.735600 0.499387 0.052696 0.087827
0 0.866881 0.489992 0.057292 0.092729
0 0.601869 0.468546 0.030331 0.072712
0 0.650735 0.399510 0.026961 0.053105
0 0.617953 0.402165 0.028186 0.046977
0 0.977022 0.451593 0.045956 0.067402
0 0.940717 0.398489 0.038297 0.055147
0 0.903033 0.379085 0.030331 0.048203
0 0.854779 0.410948 0.039216 0.049020
0 0.803156 0.430556 0.035233 0.064542
0 0.754902 0.406250 0.034926 0.056781
0 0.708180 0.391953 0.030944 0.054330
0 0.491881 0.462418 0.011949 0.045752
0 0.487745 0.787786 0.047181 0.148284
