1 0.891026 0.546759 0.041880 0.099074
1 0.898077 0.292130 0.032051 0.086111
1 0.802137 0.567130 0.040171 0.086111
1 0.826282 0.305556 0.039744 0.075926
1 0.764744 0.316204 0.037179 0.075000
1 0.715171 0.270833 0.033761 0.073148
1 0.727991 0.580093 0.041453 0.084259
1 0.656410 0.268981 0.033333 0.065741
1 0.633547 0.563889 0.038889 0.087037
1 0.600641 0.258333 0.034615 0.074074
1 0.555342 0.584259 0.039744 0.090741
1 0.477137 0.586574 0.038034 0.071296
1 0.388034 0.607870 0.041026 0.086111
1 0.532692 0.256944 0.030342 0.071296
1 0.212179 0.304167 0.044017 0.084259
