0 0.543068 0.496344 0.018048 0.053016
0 0.550861 0.313528 0.013946 0.034735
0 0.458162 0.292505 0.022149 0.040219
0 0.618130 0.239488 0.020509 0.029250
0 0.692781 0.356490 0.020509 0.047532
0 0.795734 0.385740 0.018048 0.043876
0 0.127564 0.628885 0.028712 0.032907
0 0.077112 0.505484 0.022970 0.027422
0 0.060705 0.427788 0.021329 0.047532
0 0.213290 0.369287 0.014766 0.043876
0 0.173503 0.267824 0.015587 0.049360
0 0.181296 0.195612 0.013126 0.032907
0 0.157916 0.160878 0.012305 0.036563
0 0.122231 0.209324 0.013126 0.042048
0 0.245693 0.308958 0.022149 0.040219
0 0.318294 0.246801 0.014766 0.032907
0 0.356030 0.234004 0.011485 0.025594
0 0.289992 0.212980 0.012305 0.031079
0 0.292863 0.177331 0.016407 0.036563
0 0.253897 0.129799 0.012305 0.029250
0 0.383101 0.180987 0.014766 0.032907
0 0.424118 0.175503 0.014766 0.029250
0 0.512305 0.172761 0.017227 0.027422
0 0.547580 0.084095 0.010664 0.025594
0 0.660377 0.162706 0.013126 0.032907
0 0.719442 0.280622 0.011485 0.031079
0 0.710008 0.218464 0.012305 0.027422
0 0.730517 0.223035 0.007383 0.029250
0 0.787121 0.214808 0.012305 0.027422
0 0.579163 0.211152 0.018048 0.031079
0 0.481132 0.228519 0.012305 0.043876
0 0.474569 0.148995 0.012305 0.031079
0 0.361362 0.086837 0.012305 0.020110
0 0.398687 0.094150 0.014766 0.023766
0 0.441345 0.095978 0.014766 0.023766
0 0.488515 0.076782 0.009024 0.021938
0 0.940115 0.380256 0.016407 0.025594
0 0.878999 0.308044 0.017227 0.031079
0 0.863823 0.272395 0.018048 0.025594
0 0.827728 0.246801 0.016407 0.036563
