0 0.693666 0.317006 0.024922 0.049908
0 0.762721 0.355823 0.025961 0.060998
0 0.799585 0.290203 0.024922 0.055453
0 0.830218 0.251386 0.021807 0.051756
0 0.911734 0.360444 0.016615 0.055453
0 0.930945 0.255083 0.017653 0.048059
0 0.895119 0.233826 0.014538 0.038817
0 0.799065 0.206100 0.015576 0.031423
0 0.774143 0.252311 0.023884 0.031423
0 0.732087 0.237523 0.018692 0.038817
0 0.753375 0.195933 0.019730 0.029575
0 0.743510 0.157116 0.012461 0.029575
0 0.715472 0.179298 0.016615 0.040665
0 0.687435 0.256932 0.018692 0.040665
0 0.634995 0.247689 0.019730 0.033272
0 0.587747 0.231978 0.018692 0.046211
0 0.659917 0.174677 0.015576 0.031423
0 0.640187 0.151571 0.013499 0.025878
0 0.733645 0.140481 0.017653 0.033272
0 0.790239 0.166359 0.008307 0.025878
0 0.832814 0.168207 0.010384 0.025878
0 0.856179 0.207024 0.013499 0.025878
0 0.870197 0.181146 0.012461 0.036969
0 0.896677 0.182070 0.011423 0.024030
0 0.910696 0.167283 0.010384 0.024030
0 0.934060 0.202403 0.015576 0.027726
0 0.909138 0.142329 0.013499 0.025878
0 0.440291 0.241220 0.014538 0.031423
0 0.383697 0.250462 0.015576 0.027726
0 0.370197 0.228281 0.013499 0.031423
0 0.348390 0.216266 0.013499 0.036969
0 0.325026 0.217190 0.012461 0.027726
0 0.295950 0.228281 0.012461 0.027726
0 0.273105 0.230129 0.014538 0.031423
0 0.342679 0.173752 0.016615 0.025878
0 0.463136 0.201479 0.012461 0.022181
0 0.436656 0.204251 0.015576 0.027726
0 0.408619 0.159889 0.011423 0.035120
0 0.383697 0.204251 0.015576 0.027726
0 0.376947 0.168207 0.010384 0.025878
0 0.440291 0.152495 0.014538 0.027726
0 0.484424 0.142329 0.011423 0.025878
0 0.492212 0.177449 0.016615 0.029575
0 0.521807 0.175601 0.011423 0.029575
0 0.552960 0.181146 0.011423 0.029575
0 0.537902 0.157116 0.008307 0.014787
0 0.583593 0.162662 0.016615 0.029575
0 0.597092 0.158041 0.014538 0.027726
0 0.569574 0.136784 0.009346 0.022181
0 0.545691 0.127542 0.013499 0.022181
0 0.511942 0.146950 0.018692 0.024030
0 0.645898 0.109057 0.010384 0.025878
0 0.637591 0.109982 0.014538 0.020333
0 0.708723 0.107209 0.011423 0.022181
0 0.782970 0.123845 0.008307 0.025878
0 0.822949 0.134011 0.011423 0.027726
