0 0.421053 0.286802 0.017544 0.032149
0 0.457115 0.223350 0.019493 0.033841
0 0.660331 0.282572 0.026316 0.047377
0 0.679825 0.225888 0.024366 0.038917
0 0.763645 0.250423 0.020468 0.047377
0 0.802144 0.295262 0.023392 0.042301
0 0.793860 0.194585 0.018519 0.033841
0 0.844055 0.219120 0.019493 0.025381
0 0.861111 0.192047 0.014620 0.032149
0 0.891326 0.230964 0.022417 0.045685
0 0.980019 0.164129 0.016569 0.047377
0 0.590156 0.164129 0.018519 0.033841
0 0.556043 0.147208 0.012671 0.027073
0 0.527778 0.147208 0.018519 0.027073
0 0.535575 0.221658 0.018519 0.030457
0 0.489766 0.209814 0.008772 0.030457
0 0.341618 0.228426 0.010721 0.016920
