1 0.898504 0.406019 0.025214 0.126852
1 0.898291 0.257407 0.029060 0.090741
1 0.817521 0.228704 0.039316 0.077778
1 0.819017 0.366667 0.044017 0.098148
1 0.784188 0.246296 0.025641 0.075926
1 0.766667 0.418981 0.042735 0.121296
1 0.699359 0.542593 0.078205 0.148148
1 0.701496 0.366667 0.039744 0.077778
1 0.655342 0.348148 0.021795 0.064815
1 0.624359 0.395370 0.026496 0.079630
1 0.603205 0.346296 0.020940 0.053704
1 0.579701 0.321759 0.021795 0.050926
1 0.557906 0.553241 0.058547 0.125000
1 0.480556 0.674537 0.087607 0.200926
1 0.527564 0.332870 0.018376 0.041667
1 0.515812 0.463889 0.026496 0.088889
1 0.457692 0.543519 0.046154 0.083333
1 0.484188 0.380093 0.024786 0.041667
1 0.373718 0.675463 0.063675 0.141667
1 0.447863 0.396759 0.023932 0.041667
1 0.431838 0.450463 0.024359 0.036111
1 0.417949 0.411111 0.016239 0.040741
1 0.357051 0.535648 0.032051 0.067593
1 0.332479 0.550463 0.023932 0.065741
1 0.385897 0.389352 0.021368 0.034259
1 0.269017 0.677778 0.038034 0.074074
1 0.292735 0.509722 0.032479 0.082407
1 0.265171 0.526852 0.021795 0.055556
1 0.200855 0.619444 0.025641 0.074074
1 0.165171 0.597685 0.026923 0.054630
1 0.137393 0.595370 0.017521 0.053704
1 0.109188 0.592130 0.020940 0.037963
1 0.125855 0.562963 0.013248 0.050000
1 0.181624 0.525926 0.019658 0.035185
1 0.217735 0.521296 0.013248 0.048148
1 0.236325 0.536111 0.022222 0.053704
1 0.126709 0.516204 0.019231 0.032407
1 0.290598 0.442130 0.015385 0.026852
