1 0.033000 0.303922 0.034000 0.087344
1 0.113500 0.279857 0.047000 0.089127
1 0.258500 0.621212 0.035000 0.062389
1 0.305000 0.438503 0.038000 0.078431
1 0.349000 0.364528 0.036000 0.062389
1 0.418000 0.409982 0.042000 0.064171
1 0.466500 0.408200 0.033000 0.057041
1 0.571500 0.378788 0.033000 0.065954
1 0.638000 0.393048 0.034000 0.065954
1 0.723000 0.330660 0.034000 0.062389
0 0.220500 0.338681 0.037000 0.078431
0 0.313500 0.353832 0.029000 0.048128
0 0.532500 0.390374 0.031000 0.067736
0 0.394000 0.370766 0.036000 0.067736
