1 0.128500 0.048271 0.016000 0.023055
1 0.088000 0.199928 0.019000 0.029539
0 0.139500 0.289625 0.024000 0.033141
1 0.129000 0.372118 0.028000 0.039625
1 0.176750 0.378242 0.016500 0.037464
1 0.016750 0.481988 0.024500 0.040346
1 0.070750 0.463617 0.025500 0.030980
1 0.131000 0.475504 0.028000 0.037464
0 0.112750 0.570605 0.027500 0.040346
1 0.074250 0.706052 0.026500 0.031700
1 0.361500 0.019092 0.018000 0.025216
1 0.352250 0.057997 0.021500 0.030980
1 0.316750 0.093300 0.015500 0.026657
1 0.300000 0.121037 0.015000 0.027378
1 0.265000 0.149135 0.020000 0.027378
1 0.244000 0.239553 0.017000 0.023775
0 0.212750 0.250000 0.017500 0.024496
1 0.222250 0.284222 0.019500 0.028098
0 0.266000 0.291066 0.021000 0.028818
1 0.263750 0.402738 0.020500 0.034582
0 0.284250 0.452089 0.017500 0.029539
1 0.289000 0.563040 0.028000 0.042507
1 0.261250 0.612392 0.029500 0.043228
1 0.324500 0.778098 0.033000 0.048991
1 0.245500 0.949568 0.038000 0.056196
1 0.453500 0.018012 0.011000 0.020173
1 0.417500 0.057637 0.015000 0.025937
1 0.392500 0.069524 0.017000 0.023775
0 0.401250 0.117795 0.013500 0.023775
1 0.430750 0.106268 0.018500 0.032421
1 0.325000 0.208934 0.019000 0.027378
1 0.397750 0.205331 0.017500 0.028818
0 0.345500 0.241354 0.020000 0.030259
0 0.300500 0.271254 0.017000 0.028098
1 0.367500 0.294308 0.022000 0.032421
1 0.342000 0.370677 0.023000 0.028098
1 0.453000 0.327810 0.022000 0.034582
1 0.420250 0.371758 0.024500 0.028818
1 0.355750 0.461455 0.019500 0.036744
1 0.431250 0.433718 0.023500 0.038905
1 0.375750 0.624640 0.025500 0.041787
1 0.379750 0.700648 0.025500 0.042507
1 0.409500 0.712176 0.029000 0.043948
1 0.412000 0.937680 0.036000 0.054035
1 0.461000 0.792507 0.017000 0.036023
1 0.469750 0.589337 0.026500 0.040346
1 0.454250 0.549352 0.025500 0.029539
1 0.476000 0.068804 0.013000 0.020893
1 0.544750 0.033862 0.012500 0.021614
1 0.508750 0.077810 0.012500 0.011527
1 0.539250 0.106988 0.016500 0.025216
1 0.573250 0.063401 0.016500 0.025937
1 0.496250 0.140850 0.016500 0.028098
1 0.532000 0.201009 0.010000 0.018732
1 0.506750 0.240634 0.020500 0.024496
1 0.561000 0.300793 0.019000 0.030980
1 0.484500 0.366354 0.020000 0.035303
1 0.556250 0.349424 0.019500 0.028818
1 0.537750 0.378602 0.022500 0.039625
1 0.495750 0.457133 0.019500 0.033862
1 0.629000 0.010807 0.015000 0.020173
1 0.640250 0.088617 0.016500 0.025937
1 0.667000 0.070605 0.014000 0.023055
1 0.693000 0.087896 0.011000 0.021614
1 0.702250 0.094020 0.014500 0.025216
0 0.676500 0.139049 0.013000 0.023055
1 0.734250 0.109510 0.015500 0.025937
0 0.737000 0.143012 0.015000 0.025216
1 0.709750 0.204251 0.017500 0.026657
0 0.645000 0.169308 0.017000 0.021614
1 0.623500 0.189121 0.019000 0.030980
1 0.635250 0.300072 0.018500 0.025216
1 0.604250 0.395173 0.024500 0.030980
1 0.669500 0.387248 0.020000 0.028098
1 0.596250 0.525576 0.027500 0.030980
1 0.603750 0.762248 0.032500 0.044669
1 0.547750 0.871398 0.034500 0.051153
1 0.647000 0.829971 0.033000 0.046110
1 0.766000 0.011167 0.016000 0.020893
1 0.820000 0.076729 0.015000 0.026657
0 0.838500 0.092939 0.014000 0.021614
1 0.820750 0.144092 0.012500 0.023055
1 0.826750 0.171830 0.017500 0.025216
1 0.774000 0.242075 0.020000 0.031700
1 0.819250 0.307277 0.018500 0.030980
1 0.696250 0.427594 0.021500 0.035303
1 0.731250 0.404539 0.021500 0.032421
1 0.718000 0.463977 0.025000 0.034582
1 0.726750 0.539265 0.021500 0.041066
1 0.698750 0.556196 0.027500 0.043228
1 0.756750 0.918588 0.034500 0.053314
1 0.902500 0.978746 0.039000 0.042507
1 0.965250 0.984510 0.037500 0.030980
1 0.907750 0.808357 0.032500 0.043228
1 0.941750 0.786744 0.028500 0.051873
1 0.943750 0.606268 0.028500 0.043948
1 0.944500 0.535303 0.027000 0.037464
1 0.994750 0.490634 0.010500 0.036023
1 0.897500 0.479467 0.020000 0.019452
1 0.914750 0.437680 0.022500 0.033862
1 0.882000 0.376081 0.022000 0.034582
1 0.924750 0.322046 0.019500 0.034582
1 0.871500 0.322406 0.021000 0.032421
1 0.850750 0.282781 0.018500 0.032421
1 0.908250 0.275937 0.013500 0.023055
1 0.855000 0.223703 0.019000 0.028098
1 0.870250 0.168228 0.016500 0.026657
1 0.961000 0.183718 0.011000 0.025937
1 0.982000 0.106628 0.016000 0.024496
1 0.895500 0.073487 0.016000 0.024496
1 0.869250 0.043228 0.013500 0.024496
1 0.930000 0.052954 0.015000 0.019452
0 0.957500 0.030980 0.012000 0.020173
0 0.993750 0.072046 0.012500 0.020173
0 0.164750 0.633646 0.029500 0.038184
