0 0.902564 0.570192 0.046154 0.109615
0 0.771795 0.672115 0.058974 0.101923
0 0.742308 0.595192 0.038462 0.059615
0 0.941026 0.473077 0.020513 0.038462
0 0.863462 0.523077 0.044872 0.088462
0 0.799359 0.504808 0.026923 0.044231
0 0.657692 0.570192 0.038462 0.071154
0 0.586538 0.661538 0.057692 0.088462
0 0.575000 0.515385 0.037179 0.069231
0 0.623077 0.485577 0.030769 0.051923
0 0.670513 0.469231 0.028205 0.050000
0 0.491026 0.571154 0.046154 0.076923
0 0.355769 0.550000 0.044872 0.096154
0 0.223718 0.529808 0.029487 0.040385
0 0.307051 0.509615 0.029487 0.057692
0 0.357051 0.483654 0.021795 0.036538
0 0.322436 0.464423 0.021795 0.036538
0 0.367949 0.452885 0.020513 0.040385
0 0.408974 0.460577 0.020513 0.036538
0 0.034615 0.509615 0.023077 0.069231
0 0.741026 0.500962 0.025641 0.044231
0 0.589744 0.463462 0.020513 0.034615
0 0.539103 0.486538 0.029487 0.053846
0 0.469231 0.506731 0.033333 0.051923
0 0.414744 0.549038 0.034615 0.055769
0 0.271795 0.586538 0.046154 0.076923
