0 0.216518 0.593586 0.079464 0.119110
0 0.047768 0.511126 0.068750 0.126963
0 0.543750 0.532723 0.053571 0.107330
0 0.666964 0.530759 0.042857 0.079843
0 0.697768 0.479712 0.036607 0.066754
0 0.735714 0.451571 0.026786 0.054974
0 0.649554 0.448953 0.024107 0.052356
0 0.612054 0.477094 0.034821 0.064136
0 0.827232 0.512435 0.045536 0.087696
0 0.920089 0.487565 0.038393 0.069372
0 0.355804 0.488874 0.050893 0.079843
0 0.569643 0.452225 0.030357 0.048429
0 0.088393 0.451571 0.039286 0.073298
0 0.018304 0.422775 0.029464 0.060209
0 0.236161 0.476440 0.040179 0.068063
0 0.309375 0.397906 0.016964 0.036649
0 0.284821 0.429974 0.017857 0.035340
0 0.526339 0.433901 0.025893 0.048429
