1 0.889957 0.507407 0.021795 0.055556
1 0.858120 0.501852 0.017949 0.051852
1 0.828419 0.497222 0.022650 0.046296
1 0.796581 0.490278 0.022222 0.049074
1 0.764316 0.499537 0.018376 0.043519
1 0.739957 0.493519 0.020940 0.044444
1 0.719017 0.494444 0.018376 0.044444
1 0.689103 0.505093 0.018376 0.037963
1 0.675641 0.527315 0.012821 0.041667
1 0.648932 0.496296 0.019231 0.044444
1 0.629487 0.494444 0.018803 0.042593
1 0.608761 0.503704 0.018376 0.035185
1 0.590812 0.483333 0.016667 0.038889
1 0.541880 0.526389 0.012821 0.036111
1 0.451282 0.518056 0.011966 0.034259
0 0.135043 0.466204 0.027350 0.049074
1 0.189957 0.459259 0.016667 0.062963
1 0.528419 0.507407 0.012393 0.038889
1 0.439957 0.515741 0.011538 0.037037
1 0.466026 0.512963 0.009829 0.040741
