0 0.134692 0.373239 0.032803 0.080986
0 0.179423 0.344190 0.032803 0.061620
0 0.573062 0.291373 0.024851 0.047535
0 0.609344 0.261444 0.019881 0.044014
0 0.683400 0.258803 0.014911 0.045775
0 0.650099 0.222711 0.023857 0.036972
0 0.750994 0.278169 0.018887 0.049296
0 0.801193 0.288732 0.017893 0.052817
0 0.849901 0.332746 0.019881 0.049296
0 0.916004 0.373239 0.014911 0.059859
0 0.869781 0.300176 0.023857 0.047535
0 0.498509 0.213908 0.016899 0.040493
0 0.447316 0.216549 0.013917 0.031690
0 0.422962 0.267606 0.016899 0.049296
0 0.371769 0.262324 0.025845 0.038732
0 0.752485 0.202465 0.021869 0.035211
0 0.700795 0.162852 0.019881 0.022887
0 0.709742 0.199824 0.013917 0.029930
0 0.579026 0.119718 0.010934 0.024648
0 0.528330 0.156690 0.014911 0.021127
0 0.535785 0.198063 0.015905 0.033451
0 0.511431 0.194542 0.016899 0.036972
0 0.480616 0.184859 0.016899 0.031690
0 0.465209 0.139085 0.017893 0.031690
0 0.440358 0.175176 0.015905 0.022887
0 0.418489 0.156690 0.017893 0.028169
0 0.397614 0.198063 0.023857 0.029930
0 0.616302 0.168134 0.015905 0.026408
0 0.618787 0.140845 0.014911 0.028169
0 0.677435 0.117077 0.010934 0.019366
0 0.850398 0.156690 0.010934 0.021127
0 0.844433 0.237676 0.014911 0.031690
