0 0.556391 0.406475 0.025063 0.047482
0 0.516708 0.401439 0.027569 0.048921
0 0.622807 0.433813 0.025898 0.050360
0 0.019632 0.423022 0.020886 0.043165
0 0.241437 0.338849 0.013367 0.033094
0 0.266917 0.354676 0.015873 0.030216
0 0.301170 0.373381 0.019215 0.033094
0 0.297828 0.310072 0.012531 0.033094
0 0.347536 0.377698 0.016708 0.038849
0 0.423559 0.339568 0.021721 0.034532
0 0.459064 0.348921 0.017544 0.041727
0 0.426065 0.300000 0.016708 0.035971
0 0.373434 0.290647 0.020050 0.031655
0 0.679198 0.463309 0.028404 0.054676
0 0.716792 0.499281 0.030075 0.086331
0 0.852130 0.509353 0.026734 0.057554
0 0.807018 0.410791 0.025063 0.061871
0 0.752297 0.402878 0.025898 0.046043
0 0.706349 0.352518 0.019215 0.051799
0 0.679198 0.377698 0.021721 0.038849
0 0.668755 0.333094 0.024227 0.035971
0 0.611529 0.328058 0.030075 0.031655
0 0.629908 0.381295 0.033417 0.037410
0 0.566416 0.297122 0.018379 0.035971
0 0.879699 0.358993 0.015038 0.038849
0 0.835004 0.379856 0.020886 0.037410
0 0.865079 0.464029 0.032581 0.047482
0 0.939432 0.404317 0.012531 0.037410
0 0.948204 0.360432 0.015038 0.038849
0 0.834169 0.294964 0.012531 0.020144
0 0.894319 0.316547 0.014202 0.031655
0 0.736424 0.284173 0.017544 0.033094
0 0.784043 0.293525 0.014202 0.028777
0 0.894319 0.255396 0.014202 0.030216
0 0.762322 0.227338 0.010860 0.031655
0 0.691312 0.272662 0.014202 0.021583
0 0.659148 0.250360 0.011696 0.028777
0 0.536341 0.255396 0.013367 0.027338
0 0.511696 0.273381 0.014202 0.025899
0 0.477026 0.241007 0.018379 0.038849
0 0.619883 0.221583 0.016708 0.037410
0 0.389724 0.355396 0.024227 0.031655
0 0.925230 0.478417 0.019215 0.058993
