0 0.234862 0.393720 0.053211 0.098229
0 0.672477 0.324477 0.025688 0.056361
0 0.828899 0.381643 0.019266 0.054750
0 0.894954 0.425926 0.022936 0.049919
0 0.728899 0.276973 0.021101 0.041868
0 0.774771 0.246377 0.019266 0.051530
0 0.747248 0.219002 0.017431 0.045089
0 0.715596 0.210950 0.018349 0.041868
0 0.681651 0.212560 0.020183 0.035427
0 0.673853 0.198873 0.017431 0.040258
0 0.675688 0.256844 0.021101 0.046699
0 0.633486 0.205314 0.017431 0.040258
0 0.547248 0.309984 0.022936 0.046699
0 0.559174 0.193237 0.017431 0.035427
