1 0.146795 0.618519 0.114103 0.329630
1 0.231410 0.454167 0.066239 0.230556
1 0.382479 0.730093 0.119658 0.193519
1 0.581410 0.567593 0.096154 0.205556
1 0.775427 0.544444 0.097009 0.201852
1 0.208974 0.172685 0.068376 0.132407
1 0.322222 0.228704 0.062393 0.159259
1 0.338675 0.091204 0.051709 0.104630
1 0.465171 0.308333 0.091880 0.211111
1 0.620299 0.325463 0.082479 0.187963
1 0.707479 0.334259 0.067949 0.192593
1 0.509402 0.172222 0.038462 0.131481
1 0.674786 0.077315 0.025641 0.067593
1 0.598291 0.041667 0.033333 0.070370
1 0.567308 0.095370 0.043162 0.081481
1 0.412607 0.035648 0.033761 0.069444
1 0.463675 0.030556 0.029060 0.059259
1 0.873077 0.253704 0.044444 0.109259
1 0.897009 0.130556 0.030769 0.092593
1 0.802350 0.248611 0.053419 0.093519
1 0.822436 0.160185 0.026923 0.053704
1 0.756410 0.218056 0.028205 0.080556
