1 0.846795 0.507407 0.013248 0.027778
1 0.828846 0.507870 0.015812 0.032407
1 0.794658 0.511574 0.014103 0.028704
1 0.779701 0.525926 0.013248 0.031481
1 0.743162 0.535185 0.014530 0.027778
1 0.705342 0.508333 0.011538 0.025926
1 0.692521 0.530556 0.012393 0.029630
1 0.674573 0.527315 0.010684 0.026852
1 0.655556 0.525926 0.012821 0.031481
1 0.618803 0.535648 0.013675 0.030556
1 0.580983 0.540278 0.012393 0.026852
1 0.544444 0.535185 0.009402 0.027778
1 0.519658 0.548148 0.011966 0.025926
1 0.534188 0.544907 0.010256 0.023148
1 0.487393 0.547222 0.010684 0.025926
1 0.420513 0.569907 0.009402 0.025000
