1 0.850000 0.390741 0.047863 0.101852
1 0.780556 0.417593 0.045726 0.074074
1 0.724359 0.400000 0.047863 0.090741
1 0.675214 0.384722 0.033333 0.076852
1 0.627350 0.340278 0.041026 0.091667
1 0.557692 0.361111 0.035897 0.072222
1 0.501709 0.375463 0.032479 0.065741
1 0.440171 0.360185 0.035043 0.079630
1 0.387179 0.327315 0.035043 0.056481
1 0.347650 0.364815 0.026923 0.059259
1 0.325427 0.359722 0.012393 0.036111
1 0.292308 0.394907 0.024786 0.049074
1 0.279487 0.345370 0.012821 0.035185
1 0.243803 0.400926 0.026068 0.051852
1 0.200214 0.416667 0.029487 0.048148
1 0.103205 0.347222 0.015812 0.038889
