0 0.211738 0.367677 0.034522 0.084848
0 0.675489 0.345455 0.023015 0.048485
0 0.598964 0.340404 0.021864 0.038384
0 0.548331 0.310101 0.024166 0.046465
0 0.665708 0.265657 0.019563 0.038384
0 0.612198 0.226263 0.020713 0.048485
0 0.563291 0.258586 0.024166 0.036364
0 0.772152 0.300000 0.025316 0.038384
0 0.707135 0.240404 0.019563 0.040404
0 0.669160 0.214141 0.021864 0.044444
0 0.658228 0.178788 0.018412 0.034343
0 0.699079 0.186869 0.021864 0.030303
0 0.747411 0.198990 0.014960 0.030303
0 0.735328 0.173737 0.020713 0.032323
0 0.712313 0.141414 0.016110 0.036364
0 0.745685 0.138384 0.013809 0.026263
0 0.730725 0.128283 0.016110 0.038384
0 0.756617 0.103030 0.012658 0.024242
0 0.766398 0.130303 0.013809 0.030303
0 0.800921 0.178788 0.016110 0.034343
0 0.842923 0.191919 0.014960 0.032323
0 0.868239 0.226263 0.014960 0.040404
0 0.876870 0.196970 0.016110 0.034343
0 0.922900 0.192929 0.016110 0.042424
0 0.925201 0.155556 0.011507 0.032323
0 0.901611 0.136364 0.012658 0.026263
0 0.868815 0.140404 0.016110 0.030303
0 0.854430 0.160606 0.021864 0.034343
0 0.826812 0.140404 0.019563 0.026263
0 0.498274 0.209091 0.013809 0.026263
0 0.521864 0.211111 0.014960 0.026263
0 0.459724 0.223232 0.017261 0.030303
0 0.425777 0.226263 0.013809 0.024242
0 0.619102 0.149495 0.016110 0.020202
0 0.551784 0.171717 0.017261 0.016162
0 0.575374 0.179798 0.018412 0.028283
0 0.426928 0.183838 0.018412 0.028283
0 0.429804 0.289899 0.019563 0.030303
1 0.314730 0.272727 0.014960 0.032323
0 0.334868 0.275758 0.016110 0.034343
0 0.285386 0.252525 0.013809 0.024242
0 0.346375 0.233333 0.013809 0.018182
0 0.372267 0.213131 0.012658 0.022222
0 0.915420 0.292929 0.017261 0.048485
