0 0.175891 0.506711 0.034709 0.077181
0 0.634615 0.324664 0.019700 0.045302
0 0.564259 0.291107 0.023452 0.048658
0 0.518762 0.301174 0.020638 0.038591
0 0.426829 0.265101 0.018762 0.040268
0 0.475610 0.229027 0.018762 0.038591
0 0.390244 0.268456 0.024390 0.043624
0 0.363039 0.245805 0.016886 0.038591
0 0.311445 0.219799 0.015009 0.023490
0 0.272983 0.240772 0.015009 0.028523
0 0.312852 0.249161 0.017824 0.028523
0 0.343340 0.206376 0.016886 0.033557
0 0.622889 0.251678 0.030019 0.046980
0 0.679174 0.262584 0.022514 0.048658
0 0.705910 0.289430 0.027205 0.038591
0 0.763133 0.282718 0.023452 0.052013
0 0.841463 0.301174 0.020638 0.045302
0 0.857880 0.239094 0.019700 0.045302
0 0.930113 0.260906 0.019700 0.052013
0 0.895872 0.197987 0.015009 0.033557
0 0.837242 0.200503 0.017824 0.045302
0 0.846154 0.181208 0.013133 0.026846
0 0.754690 0.241611 0.019700 0.036913
0 0.705441 0.221477 0.018762 0.043624
0 0.719981 0.165268 0.015947 0.035235
0 0.740619 0.194631 0.017824 0.036913
0 0.772045 0.208893 0.016886 0.038591
0 0.764540 0.164430 0.013133 0.033557
0 0.784709 0.151846 0.015947 0.038591
0 0.747655 0.132550 0.015009 0.033557
0 0.713884 0.130034 0.015009 0.028523
0 0.689024 0.146812 0.015947 0.021812
0 0.654784 0.172819 0.015009 0.033557
0 0.667917 0.218121 0.026266 0.040268
0 0.628987 0.203020 0.023452 0.040268
0 0.581614 0.168624 0.018762 0.038591
0 0.524390 0.186242 0.016886 0.036913
0 0.502814 0.191275 0.016886 0.033557
0 0.477017 0.188758 0.019700 0.035235
0 0.445591 0.182886 0.020638 0.033557
0 0.414634 0.182886 0.016886 0.026846
0 0.390713 0.185403 0.015947 0.028523
0 0.374765 0.184564 0.014071 0.026846
0 0.386023 0.218121 0.015947 0.030201
0 0.548780 0.164430 0.015009 0.033557
0 0.559568 0.149329 0.014071 0.020134
0 0.521107 0.153523 0.014071 0.028523
0 0.613039 0.143456 0.017824 0.025168
0 0.638368 0.115772 0.014071 0.030201
0 0.679644 0.119128 0.015947 0.026846
0 0.583021 0.121644 0.014071 0.028523
0 0.561914 0.121644 0.016886 0.021812
0 0.802533 0.160235 0.015947 0.038591
0 0.835835 0.147651 0.016886 0.026846
0 0.883208 0.170302 0.012195 0.031879
