1 0.761752 0.658796 0.037179 0.071296
1 0.829487 0.488889 0.016239 0.027778
1 0.795940 0.549537 0.019231 0.036111
1 0.777137 0.517593 0.017521 0.029630
1 0.734402 0.512500 0.013248 0.025000
1 0.722436 0.487500 0.013248 0.026852
1 0.691880 0.482407 0.011111 0.020370
1 0.666026 0.478704 0.009829 0.020370
1 0.209615 0.692593 0.030342 0.066667
1 0.267949 0.624537 0.019658 0.047222
1 0.340812 0.564352 0.021795 0.052778
1 0.360684 0.537500 0.013675 0.039815
1 0.388462 0.517593 0.014530 0.035185
1 0.414744 0.497685 0.009829 0.023148
1 0.497436 0.465741 0.011111 0.025926
1 0.695085 0.608796 0.016667 0.047222
1 0.639530 0.543056 0.016667 0.034259
1 0.608974 0.542130 0.017094 0.034259
