1 0.130769 0.461574 0.030769 0.076852
1 0.198077 0.453704 0.023504 0.057407
1 0.231197 0.429630 0.016239 0.038889
1 0.299786 0.417593 0.013248 0.035185
1 0.315598 0.411111 0.011538 0.029630
1 0.218376 0.536111 0.047009 0.122222
1 0.277564 0.500000 0.033761 0.075926
1 0.325214 0.467130 0.027350 0.067593
1 0.353632 0.472222 0.021795 0.051852
1 0.371368 0.448148 0.014530 0.046296
1 0.495940 0.414815 0.011538 0.025926
1 0.848504 0.443981 0.020940 0.056481
1 0.902564 0.456019 0.022222 0.065741
1 0.796795 0.430556 0.020085 0.042593
1 0.713675 0.414352 0.012821 0.028704
1 0.699359 0.409722 0.014103 0.030556
1 0.680769 0.406019 0.015385 0.028704
1 0.751923 0.493519 0.036325 0.079630
1 0.694444 0.465741 0.029915 0.075926
1 0.663462 0.447685 0.026068 0.049074
1 0.643162 0.436111 0.018803 0.051852
1 0.623932 0.431019 0.019658 0.047222
1 0.607479 0.430556 0.014103 0.035185
1 0.596368 0.427315 0.010684 0.036111
1 0.833547 0.551389 0.033761 0.110185
