1 0.540171 0.498148 0.034188 0.085185
1 0.450641 0.463889 0.041453 0.096296
1 0.385256 0.429167 0.029487 0.073148
1 0.356624 0.438426 0.026068 0.065741
1 0.319658 0.451389 0.041026 0.091667
1 0.239957 0.458333 0.038034 0.087037
1 0.177350 0.465741 0.031624 0.074074
1 0.221368 0.427778 0.022222 0.062963
1 0.193803 0.310185 0.026923 0.066667
1 0.285684 0.297685 0.020085 0.054630
1 0.358333 0.313426 0.023504 0.058333
1 0.421368 0.312500 0.024786 0.045370
1 0.443162 0.394444 0.023077 0.055556
1 0.491667 0.424074 0.022650 0.053704
1 0.542308 0.401389 0.016239 0.054630
1 0.527137 0.392130 0.019231 0.071296
1 0.569231 0.429167 0.032479 0.084259
1 0.630342 0.407407 0.026496 0.068519
1 0.652778 0.434259 0.031197 0.070370
1 0.671154 0.404167 0.018376 0.062037
1 0.688462 0.430556 0.028205 0.072222
1 0.726923 0.395370 0.022222 0.061111
1 0.786111 0.407870 0.030342 0.062037
1 0.713889 0.484722 0.042308 0.082407
1 0.671154 0.506481 0.038889 0.105556
1 0.791453 0.527315 0.049573 0.115741
1 0.865171 0.481944 0.032906 0.093519
0 0.893803 0.543981 0.031197 0.128704
1 0.501709 0.310185 0.022222 0.053704
1 0.588675 0.318519 0.016667 0.038889
1 0.601709 0.319444 0.011966 0.031481
1 0.629274 0.514352 0.041453 0.130556
1 0.297222 0.437037 0.014957 0.068519
