0 0.269250 0.933865 0.179500 0.132271
0 0.269000 0.627888 0.078000 0.137052
0 0.554500 0.494821 0.039000 0.071713
0 0.602250 0.460159 0.035500 0.062948
0 0.550750 0.411554 0.026500 0.042231
0 0.651750 0.409562 0.033500 0.063745
0 0.156250 0.462550 0.043500 0.083665
0 0.083500 0.443825 0.031000 0.062151
0 0.397750 0.442629 0.030500 0.062948
0 0.442250 0.390040 0.022500 0.048606
0 0.295500 0.393625 0.027000 0.047809
0 0.949250 0.196414 0.062500 0.117131
0 0.733500 0.503586 0.033000 0.079681
0 0.765250 0.493227 0.028500 0.060558
0 0.414250 0.394422 0.022500 0.036653
0 0.358000 0.392430 0.032000 0.039044
0 0.254250 0.412749 0.014500 0.035060
0 0.062000 0.477291 0.031000 0.058964
0 0.111250 0.701594 0.030500 0.107570
