1 0.553419 0.352315 0.046154 0.106481
1 0.482479 0.360648 0.034188 0.087963
1 0.436111 0.337963 0.026923 0.087037
1 0.529915 0.379167 0.022222 0.067593
1 0.741239 0.350926 0.027778 0.075926
1 0.777137 0.329167 0.028632 0.089815
1 0.795085 0.385185 0.034615 0.090741
1 0.821154 0.332870 0.028632 0.087963
1 0.892094 0.378704 0.048291 0.159259
1 0.866667 0.401389 0.033333 0.130556
1 0.350641 0.356944 0.026923 0.075000
1 0.315171 0.342593 0.029487 0.083333
1 0.219017 0.353241 0.046581 0.113889
1 0.154274 0.371296 0.047863 0.127778
