1 0.900214 0.363426 0.019231 0.052778
1 0.839744 0.359722 0.021368 0.045370
1 0.768590 0.383333 0.023504 0.040741
1 0.698504 0.375000 0.019231 0.048148
1 0.673718 0.367130 0.014103 0.037963
1 0.635043 0.384722 0.017094 0.037963
1 0.610897 0.370370 0.013248 0.033333
1 0.580128 0.366204 0.018376 0.045370
1 0.557265 0.383796 0.013675 0.030556
1 0.499573 0.377778 0.017949 0.038889
1 0.420940 0.396296 0.016239 0.040741
1 0.443376 0.362037 0.016667 0.033333
1 0.154701 0.407870 0.019658 0.034259
1 0.203205 0.407870 0.018376 0.036111
1 0.228419 0.408333 0.012393 0.031481
1 0.245299 0.411574 0.017094 0.041667
1 0.294017 0.401852 0.019658 0.038889
1 0.266239 0.379630 0.017094 0.031481
1 0.188248 0.401852 0.011538 0.033333
1 0.339530 0.386111 0.014957 0.029630
1 0.359188 0.400000 0.019231 0.038889
1 0.389103 0.380093 0.014103 0.030556
1 0.405342 0.377315 0.013248 0.030556
1 0.375641 0.363426 0.011111 0.021296
1 0.648291 0.356944 0.012821 0.034259
1 0.717949 0.382870 0.017094 0.030556
