1 0.885684 0.316667 0.014957 0.037037
1 0.869444 0.309259 0.016667 0.037037
1 0.823932 0.446759 0.017949 0.045370
1 0.774145 0.279630 0.018376 0.042593
1 0.740171 0.291667 0.017949 0.038889
1 0.712393 0.283333 0.020513 0.042593
1 0.791880 0.449074 0.017094 0.046296
1 0.764530 0.456944 0.017094 0.039815
1 0.744658 0.474537 0.021795 0.043519
1 0.722009 0.474537 0.020085 0.049074
1 0.698718 0.483333 0.022222 0.046296
1 0.670085 0.326389 0.019658 0.045370
1 0.669444 0.496759 0.025214 0.050926
1 0.643162 0.299537 0.013675 0.045370
1 0.625855 0.323611 0.020085 0.041667
1 0.633761 0.476852 0.028205 0.057407
1 0.604060 0.521759 0.025214 0.063889
1 0.584829 0.294907 0.020940 0.049074
1 0.566667 0.537500 0.027350 0.060185
1 0.552564 0.316204 0.018803 0.050926
1 0.521368 0.518056 0.033333 0.063889
1 0.520726 0.298611 0.016667 0.047222
1 0.501923 0.294907 0.024359 0.052778
1 0.476923 0.273611 0.026496 0.062037
1 0.482479 0.576852 0.034188 0.064815
1 0.447009 0.344444 0.028205 0.055556
1 0.414744 0.534722 0.033761 0.071296
1 0.407265 0.332870 0.021368 0.054630
1 0.366239 0.323611 0.029060 0.054630
1 0.350855 0.579167 0.036752 0.071296
1 0.312393 0.341667 0.030769 0.072222
1 0.292949 0.626389 0.039744 0.073148
1 0.261752 0.359259 0.032906 0.064815
1 0.217735 0.643981 0.048291 0.091667
1 0.208974 0.313889 0.040171 0.066667
1 0.152350 0.313426 0.032906 0.065741
1 0.127991 0.695370 0.050000 0.109259
1 0.108120 0.299074 0.035897 0.094444
