0 0.040769 0.505828 0.032308 0.046620
0 0.127692 0.510490 0.030769 0.046620
0 0.202308 0.532634 0.023077 0.034965
0 0.266923 0.520979 0.023077 0.048951
0 0.331538 0.544289 0.020000 0.034965
0 0.386923 0.503497 0.020000 0.037296
0 0.436923 0.537296 0.021538 0.039627
0 0.496154 0.529138 0.023077 0.046620
0 0.551538 0.501166 0.023077 0.041958
0 0.601538 0.519814 0.018462 0.032634
0 0.663846 0.518648 0.026154 0.039627
0 0.730000 0.508159 0.029231 0.041958
0 0.796154 0.508159 0.026154 0.046620
0 0.870769 0.529138 0.024615 0.037296
0 0.948462 0.504662 0.026154 0.048951
