1 0.547009 0.231019 0.042735 0.152778
1 0.692521 0.193056 0.049145 0.141667
1 0.363034 0.276852 0.054274 0.151852
1 0.160684 0.193519 0.048718 0.118519
1 0.098504 0.100926 0.019231 0.092593
1 0.204487 0.620833 0.038889 0.143519
1 0.357692 0.663889 0.044444 0.138889
1 0.497863 0.669444 0.052991 0.148148
1 0.581197 0.651852 0.051282 0.144444
1 0.632479 0.570370 0.035897 0.094444
1 0.715385 0.662037 0.052137 0.170370
1 0.748291 0.560185 0.031624 0.085185
1 0.873718 0.709722 0.047436 0.145370
1 0.835897 0.163889 0.058120 0.125926
