0 0.192727 0.566757 0.098182 0.179837
0 0.511818 0.465940 0.089091 0.196185
0 0.360000 0.769755 0.116364 0.220708
0 0.600909 0.790191 0.132727 0.201635
0 0.840909 0.640327 0.140000 0.207084
0 0.687273 0.583106 0.090909 0.147139
0 0.934545 0.471390 0.065455 0.168937
0 0.952727 0.209809 0.061818 0.141689
0 0.886364 0.089918 0.070909 0.152589
0 0.580909 0.260218 0.070909 0.144414
0 0.697273 0.102180 0.056364 0.106267
0 0.427273 0.235695 0.065455 0.138965
0 0.489091 0.159401 0.050909 0.122616
0 0.332727 0.322888 0.083636 0.182561
0 0.182727 0.253406 0.074545 0.163488
0 0.255455 0.189373 0.060000 0.122616
0 0.058182 0.257493 0.083636 0.182561
0 0.126364 0.182561 0.056364 0.136240
0 0.194545 0.092643 0.054545 0.136240
0 0.287273 0.085831 0.065455 0.100817
0 0.019091 0.163488 0.034545 0.119891
0 0.510909 0.054496 0.047273 0.092643
