1 0.716667 0.519907 0.030769 0.056481
1 0.593376 0.481944 0.025214 0.041667
1 0.484615 0.445370 0.023932 0.038889
1 0.425855 0.583333 0.028632 0.088889
1 0.399359 0.432407 0.020085 0.031481
1 0.347222 0.405556 0.009829 0.022222
1 0.368162 0.405556 0.012393 0.018519
1 0.325000 0.425463 0.017521 0.034259
1 0.269658 0.402315 0.011111 0.025000
1 0.199573 0.412037 0.012821 0.025926
1 0.138248 0.485185 0.022650 0.055556
1 0.112607 0.413889 0.012393 0.029630
1 0.241667 0.479167 0.023504 0.060185
1 0.301496 0.506019 0.020085 0.069444
1 0.160684 0.416667 0.013675 0.029630
