0 0.677103 0.364478 0.021495 0.042088
0 0.596729 0.345960 0.017757 0.048822
0 0.557944 0.303030 0.018692 0.043771
0 0.405607 0.297138 0.020561 0.035354
0 0.778037 0.305556 0.015888 0.042088
0 0.758879 0.241582 0.016822 0.042088
0 0.798598 0.180976 0.015888 0.035354
0 0.848598 0.174242 0.020561 0.035354
0 0.828505 0.136364 0.015888 0.033670
0 0.865888 0.127104 0.012150 0.031987
0 0.866822 0.236532 0.014019 0.035354
0 0.744393 0.147306 0.017757 0.038721
0 0.668224 0.207071 0.014953 0.033670
0 0.656075 0.189394 0.016822 0.031987
0 0.610748 0.207912 0.021495 0.042088
0 0.707477 0.227273 0.018692 0.033670
0 0.735514 0.217172 0.018692 0.033670
0 0.697196 0.176768 0.013084 0.026936
0 0.718224 0.170875 0.015888 0.031987
0 0.683178 0.154040 0.014953 0.028620
0 0.468224 0.256734 0.018692 0.028620
0 0.481776 0.191077 0.015888 0.028620
0 0.502336 0.206229 0.015888 0.021886
0 0.525234 0.221380 0.014953 0.028620
0 0.464486 0.181818 0.013084 0.030303
0 0.441121 0.235690 0.016822 0.030303
0 0.414486 0.237374 0.015888 0.026936
0 0.369159 0.217172 0.014953 0.026936
0 0.385981 0.197811 0.014953 0.025253
0 0.346262 0.222222 0.017757 0.030303
0 0.325234 0.223064 0.016822 0.031987
0 0.337383 0.287879 0.018692 0.026936
0 0.334112 0.262626 0.014019 0.026936
0 0.296262 0.264310 0.018692 0.033670
0 0.451869 0.150673 0.012150 0.025253
0 0.583645 0.160774 0.017757 0.035354
0 0.612150 0.142256 0.013084 0.025253
0 0.644860 0.113636 0.011215 0.018519
0 0.691589 0.103535 0.009346 0.018519
0 0.750000 0.109428 0.012150 0.020202
0 0.782243 0.116162 0.011215 0.023569
0 0.540654 0.171717 0.015888 0.030303
0 0.661215 0.256734 0.017757 0.045455
0 0.479439 0.322391 0.020561 0.045455
0 0.260280 0.263468 0.014019 0.031987
0 0.883178 0.201178 0.014953 0.035354
0 0.892523 0.127104 0.011215 0.031987
0 0.926636 0.154040 0.012150 0.038721
0 0.922430 0.186869 0.016822 0.040404
0 0.086916 0.418350 0.035514 0.072391
