0 0.113000 0.403867 0.056667 0.118232
0 0.173000 0.410497 0.043333 0.089503
0 0.270333 0.401105 0.038000 0.081768
0 0.353667 0.421547 0.035333 0.071823
0 0.413333 0.402762 0.029333 0.062983
1 0.875333 0.379006 0.025333 0.039779
0 0.697667 0.430939 0.023333 0.041989
0 0.618333 0.372376 0.020667 0.039779
0 0.593667 0.374586 0.019333 0.039779
0 0.570000 0.390608 0.018667 0.045304
0 0.542000 0.390608 0.020000 0.045304
0 0.552333 0.320994 0.019333 0.034254
0 0.531667 0.318232 0.016667 0.037569
0 0.512667 0.329282 0.018667 0.039779
0 0.515000 0.387845 0.026000 0.057459
0 0.460667 0.317680 0.024000 0.051934
0 0.488333 0.313260 0.022000 0.045304
0 0.422000 0.298895 0.025333 0.060773
0 0.385333 0.279558 0.025333 0.046409
0 0.401000 0.240884 0.015333 0.035359
0 0.380667 0.232597 0.017333 0.034254
0 0.360000 0.267956 0.021333 0.040884
0 0.315000 0.255249 0.024667 0.053039
0 0.276000 0.222099 0.022667 0.048619
0 0.286333 0.301657 0.032667 0.064088
0 0.245000 0.298895 0.034000 0.074033
0 0.188000 0.239227 0.033333 0.074033
0 0.153667 0.287845 0.044667 0.093923
0 0.142333 0.192818 0.027333 0.051934
0 0.086333 0.171823 0.034000 0.060773
0 0.051333 0.279006 0.049333 0.093923
