0 0.214225 0.358586 0.013548 0.033189
0 0.243438 0.364358 0.012701 0.027417
0 0.276884 0.388889 0.016935 0.033189
0 0.311600 0.406926 0.020322 0.037518
0 0.463590 0.425685 0.022862 0.046176
0 0.537257 0.430736 0.021169 0.044733
0 0.535986 0.378066 0.016935 0.031746
0 0.607959 0.398268 0.016935 0.040404
0 0.589331 0.483405 0.025402 0.051948
0 0.633362 0.507937 0.027096 0.063492
0 0.708298 0.559163 0.031329 0.064935
0 0.830229 0.534632 0.024555 0.067821
0 0.854361 0.493506 0.023709 0.063492
0 0.919983 0.495671 0.027942 0.062049
0 0.871296 0.384560 0.023709 0.056277
0 0.818798 0.376623 0.025402 0.040404
0 0.783235 0.450938 0.023709 0.056277
0 0.714225 0.417749 0.026249 0.059163
0 0.666384 0.391775 0.022015 0.056277
0 0.945385 0.383117 0.011008 0.041847
0 0.925064 0.351371 0.014395 0.038961
0 0.903472 0.346320 0.015241 0.037518
0 0.867485 0.292929 0.014395 0.037518
0 0.822608 0.312410 0.021169 0.044733
0 0.889924 0.249639 0.020322 0.028860
0 0.750635 0.255411 0.022862 0.040404
0 0.718459 0.303030 0.026249 0.023088
0 0.687130 0.330447 0.017782 0.037518
0 0.675275 0.292208 0.017782 0.036075
0 0.556732 0.289322 0.021169 0.041847
0 0.569433 0.261183 0.019475 0.046176
0 0.446655 0.265512 0.017782 0.025974
0 0.373412 0.340548 0.022015 0.043290
0 0.444115 0.364358 0.021169 0.033189
0 0.400508 0.352092 0.023709 0.040404
0 0.406859 0.305195 0.019475 0.030303
0 0.518205 0.289322 0.020322 0.041847
0 0.340390 0.310245 0.010161 0.023088
0 0.643522 0.261905 0.016935 0.036075
0 0.711685 0.260462 0.019475 0.021645
0 0.637172 0.324675 0.021169 0.028860
0 0.599069 0.357864 0.019475 0.031746
