0 0.496244 0.305601 0.029108 0.041186
0 0.615023 0.251236 0.028169 0.047776
0 0.761033 0.219110 0.021596 0.039539
0 0.713615 0.193575 0.020657 0.051071
0 0.394836 0.286656 0.023474 0.042834
0 0.354460 0.298188 0.021596 0.039539
0 0.461972 0.238056 0.028169 0.037891
0 0.492958 0.242998 0.035681 0.051071
0 0.403286 0.223229 0.019718 0.041186
0 0.411268 0.192751 0.018779 0.032949
0 0.364319 0.200165 0.020657 0.031301
0 0.304225 0.176277 0.016901 0.036244
0 0.965258 0.113674 0.013146 0.026359
0 0.575117 0.140857 0.015962 0.028007
0 0.461502 0.200988 0.014085 0.032949
0 0.490141 0.196046 0.022535 0.026359
