1 0.784188 0.599074 0.063248 0.114815
1 0.762821 0.462037 0.028205 0.057407
1 0.616026 0.551389 0.046581 0.076852
1 0.581624 0.443056 0.026496 0.039815
1 0.563248 0.387037 0.019658 0.038889
1 0.535897 0.414815 0.023932 0.046296
1 0.513675 0.531019 0.040171 0.062037
1 0.411325 0.489815 0.032906 0.059259
1 0.338675 0.485648 0.033761 0.063889
1 0.433333 0.396759 0.018803 0.037963
1 0.384402 0.399537 0.018376 0.034259
1 0.280769 0.435185 0.028205 0.050000
1 0.218590 0.425926 0.024359 0.037037
1 0.176068 0.419907 0.019658 0.041667
1 0.155983 0.408796 0.016239 0.045370
1 0.322222 0.396296 0.013675 0.029630
1 0.462179 0.423611 0.020940 0.036111
