0 0.580407 0.243421 0.020333 0.039474
0 0.674677 0.345395 0.022181 0.039474
0 0.760166 0.370066 0.023105 0.052632
0 0.730129 0.361020 0.029575 0.060855
0 0.774492 0.283717 0.022181 0.047697
0 0.732440 0.264803 0.024954 0.049342
0 0.752773 0.235197 0.024954 0.042763
0 0.802680 0.255757 0.021257 0.034539
0 0.777726 0.195724 0.017560 0.042763
0 0.832255 0.195724 0.015712 0.042763
0 0.852588 0.162829 0.013863 0.039474
0 0.714418 0.202303 0.018484 0.029605
0 0.653420 0.176809 0.020333 0.027961
0 0.564233 0.182566 0.017560 0.029605
0 0.547597 0.190789 0.017560 0.036184
0 0.465804 0.228618 0.020333 0.032895
0 0.437153 0.242599 0.014787 0.024671
0 0.444085 0.187500 0.015712 0.029605
0 0.659889 0.114309 0.011091 0.021382
0 0.689926 0.106908 0.013863 0.026316
0 0.745841 0.122533 0.012939 0.027961
0 0.828096 0.145559 0.011091 0.024671
0 0.903420 0.245888 0.017560 0.047697
0 0.916821 0.213816 0.014787 0.036184
0 0.871072 0.219572 0.015712 0.024671
0 0.480129 0.203125 0.015712 0.031250
0 0.288817 0.278783 0.015712 0.027961
