0 0.643727 0.565625 0.094569 0.136250
0 0.346910 0.570000 0.087079 0.112500
0 0.188202 0.500000 0.076779 0.112500
0 0.053839 0.483750 0.075843 0.092500
0 0.822097 0.504375 0.071161 0.101250
0 0.745787 0.426875 0.044007 0.078750
0 0.897004 0.431250 0.048689 0.100000
0 0.614700 0.367500 0.032772 0.055000
0 0.690075 0.323125 0.022472 0.041250
0 0.396067 0.443125 0.039326 0.071250
0 0.286517 0.424375 0.043071 0.071250
0 0.251404 0.383125 0.032772 0.043750
0 0.185861 0.373750 0.036517 0.045000
0 0.124064 0.391250 0.051498 0.060000
0 0.023876 0.387500 0.040262 0.050000
0 0.587547 0.482500 0.045880 0.075000
0 0.662921 0.356875 0.029963 0.048750
0 0.508427 0.423750 0.046816 0.035000
