1 0.348932 0.577778 0.082479 0.166667
1 0.587607 0.364352 0.049573 0.112037
1 0.690171 0.312500 0.023932 0.073148
1 0.724145 0.273148 0.018376 0.050000
1 0.249786 0.351852 0.034615 0.066667
1 0.416239 0.328241 0.028205 0.056481
1 0.312607 0.255556 0.013248 0.031481
1 0.325214 0.255556 0.011111 0.031481
1 0.097222 0.313426 0.015812 0.043519
1 0.210470 0.290278 0.020085 0.050926
1 0.790385 0.272222 0.014957 0.038889
1 0.446581 0.273148 0.017094 0.035185
1 0.513034 0.260185 0.012393 0.033333
1 0.480556 0.239352 0.009829 0.026852
1 0.500427 0.242593 0.008547 0.024074
1 0.115385 0.255556 0.011111 0.025926
1 0.163675 0.258333 0.011111 0.024074
