0 0.480417 0.357497 0.064167 0.107807
0 0.288750 0.431227 0.060833 0.111524
0 0.370833 0.236059 0.045000 0.073110
0 0.539167 0.231722 0.043333 0.069393
0 0.503750 0.151797 0.020833 0.038414
0 0.410833 0.167286 0.033333 0.054523
0 0.311250 0.156134 0.029167 0.052045
0 0.220833 0.179678 0.031667 0.057001
0 0.103750 0.180917 0.035833 0.064436
0 0.121250 0.297398 0.047500 0.084263
0 0.027917 0.500000 0.054167 0.142503
0 0.722083 0.353160 0.050833 0.094176
0 0.663750 0.223048 0.040833 0.069393
0 0.248750 0.277571 0.040833 0.052045
0 0.804167 0.377323 0.115000 0.266419
