0 0.028197 0.424581 0.019857 0.044693
0 0.452740 0.410615 0.022240 0.041899
0 0.531771 0.404330 0.021446 0.054469
0 0.523828 0.351955 0.019857 0.041899
0 0.548054 0.280726 0.015886 0.033520
0 0.595711 0.359637 0.019063 0.043296
0 0.640588 0.367318 0.023034 0.047486
0 0.671962 0.354749 0.017474 0.044693
0 0.594519 0.418296 0.026211 0.051676
0 0.658459 0.439944 0.022240 0.053073
0 0.693407 0.474860 0.028594 0.075419
0 0.710087 0.393855 0.019063 0.050279
0 0.768864 0.412011 0.017474 0.050279
0 0.820492 0.439246 0.022240 0.057263
0 0.795870 0.502793 0.023828 0.058659
0 0.791104 0.362430 0.020651 0.043296
0 0.840349 0.377793 0.017474 0.046089
0 0.888801 0.464385 0.020651 0.051676
0 0.880064 0.390363 0.022240 0.048883
0 0.857029 0.349860 0.019063 0.034916
0 0.908658 0.348464 0.015886 0.034916
0 0.894361 0.320531 0.017474 0.037709
0 0.862589 0.319134 0.017474 0.026536
0 0.821287 0.305168 0.012708 0.029330
0 0.803018 0.300279 0.022240 0.033520
0 0.829230 0.278631 0.014297 0.026536
0 0.820492 0.252793 0.012708 0.025140
0 0.837569 0.261872 0.011914 0.029330
0 0.874106 0.281425 0.015091 0.029330
0 0.851072 0.247905 0.011914 0.029330
0 0.229150 0.339385 0.008737 0.025140
0 0.284750 0.302374 0.013503 0.018156
0 0.256553 0.370112 0.014297 0.039106
0 0.287530 0.380587 0.014297 0.026536
0 0.331612 0.354749 0.023034 0.041899
0 0.351072 0.291201 0.014297 0.026536
0 0.400715 0.342179 0.011914 0.030726
0 0.376489 0.326816 0.012708 0.030726
0 0.405481 0.296089 0.015091 0.022346
0 0.400318 0.270251 0.009531 0.020950
0 0.442017 0.265363 0.015091 0.030726
0 0.420572 0.247207 0.011914 0.025140
0 0.384432 0.258380 0.014297 0.027933
0 0.445989 0.335196 0.018268 0.036313
0 0.494837 0.319832 0.015886 0.030726
0 0.502780 0.267458 0.012708 0.026536
0 0.528197 0.266760 0.014297 0.027933
0 0.468229 0.267458 0.013503 0.029330
0 0.457903 0.238128 0.015091 0.026536
0 0.575060 0.259777 0.015886 0.030726
0 0.584988 0.243715 0.018268 0.029330
0 0.590151 0.217877 0.012708 0.027933
0 0.519063 0.233240 0.019857 0.022346
0 0.614774 0.298883 0.012708 0.030726
0 0.622319 0.245810 0.013503 0.027933
0 0.663225 0.266760 0.014297 0.025140
0 0.709293 0.283520 0.015886 0.022346
0 0.752184 0.281425 0.009531 0.029330
0 0.719619 0.259777 0.009531 0.030726
0 0.727959 0.240223 0.010326 0.025140
0 0.684670 0.219274 0.017474 0.027933
0 0.689039 0.254190 0.015091 0.033520
0 0.662828 0.228352 0.015091 0.029330
0 0.644956 0.212291 0.014297 0.019553
