1 0.134188 0.465278 0.023932 0.049074
1 0.198077 0.450000 0.020940 0.042593
1 0.230342 0.429167 0.014530 0.032407
1 0.300641 0.419444 0.013248 0.027778
1 0.314957 0.412500 0.011111 0.021296
1 0.217308 0.537500 0.050000 0.110185
1 0.276923 0.500000 0.032479 0.072222
1 0.324786 0.470370 0.027350 0.068519
1 0.353419 0.473148 0.021368 0.046296
1 0.370726 0.450926 0.013248 0.040741
1 0.495299 0.414815 0.008547 0.020370
1 0.751496 0.497222 0.032906 0.072222
1 0.796795 0.434259 0.017521 0.038889
1 0.848718 0.444444 0.021368 0.044444
1 0.901709 0.454167 0.021368 0.050926
1 0.836325 0.552778 0.041880 0.116667
1 0.595726 0.428704 0.011966 0.038889
1 0.606624 0.430556 0.014103 0.042593
1 0.622436 0.432407 0.015812 0.046296
1 0.641026 0.438426 0.016239 0.041667
1 0.662393 0.451852 0.023932 0.053704
1 0.693162 0.468519 0.029060 0.066667
1 0.714530 0.414815 0.011966 0.025926
1 0.698932 0.409722 0.009829 0.026852
1 0.679274 0.406944 0.010684 0.025000
1 0.387607 0.435185 0.020513 0.046296
1 0.330342 0.414352 0.012821 0.028704
