0 0.877466 0.280037 0.016615 0.038817
0 0.890447 0.234750 0.013499 0.029575
0 0.861890 0.207024 0.008307 0.033272
0 0.937175 0.231054 0.011423 0.036969
0 0.916926 0.183919 0.016615 0.027726
0 0.834891 0.175601 0.012461 0.029575
0 0.861890 0.146026 0.018692 0.025878
0 0.824507 0.133087 0.010384 0.018484
0 0.794912 0.158965 0.011423 0.022181
0 0.801142 0.207024 0.017653 0.036969
0 0.815161 0.207024 0.012461 0.036969
0 0.719626 0.231978 0.012461 0.038817
0 0.735722 0.183919 0.015576 0.031423
0 0.728972 0.139556 0.010384 0.024030
0 0.763240 0.135860 0.010384 0.024030
0 0.776739 0.152495 0.014538 0.020333
0 0.710800 0.124769 0.009346 0.027726
0 0.698339 0.182070 0.017653 0.038817
0 0.682762 0.225508 0.019730 0.033272
0 0.659398 0.190388 0.012461 0.029575
0 0.591381 0.231978 0.017653 0.035120
0 0.624611 0.226433 0.017653 0.038817
0 0.558671 0.184843 0.012461 0.025878
0 0.526480 0.187616 0.020768 0.024030
0 0.470924 0.200555 0.017653 0.031423
0 0.475078 0.164510 0.013499 0.033272
0 0.370717 0.195009 0.014538 0.027726
0 0.376947 0.177449 0.018692 0.029575
0 0.419003 0.177449 0.009346 0.025878
0 0.442887 0.152495 0.013499 0.024030
0 0.321911 0.214418 0.022845 0.029575
0 0.524403 0.120148 0.012461 0.014787
0 0.529076 0.152495 0.011423 0.027726
0 0.487020 0.143253 0.010384 0.031423
0 0.498442 0.130314 0.012461 0.020333
0 0.576324 0.143253 0.018692 0.024030
0 0.613707 0.102588 0.008307 0.020333
0 0.632399 0.154344 0.016615 0.031423
0 0.657840 0.140481 0.013499 0.029575
0 0.676532 0.109982 0.015576 0.031423
