0 0.404333 0.640750 0.050000 0.075500
0 0.285000 0.629500 0.038667 0.056000
0 0.073167 0.703250 0.079667 0.132500
0 0.062833 0.560000 0.028333 0.039000
0 0.138833 0.656000 0.033667 0.036000
0 0.108167 0.540250 0.022333 0.041500
0 0.310667 0.525250 0.018000 0.029500
0 0.280667 0.511250 0.016000 0.024500
0 0.221333 0.517000 0.018000 0.030000
0 0.194167 0.532500 0.023667 0.036000
0 0.160333 0.537750 0.019333 0.028500
0 0.374333 0.505500 0.018000 0.031000
0 0.421500 0.515000 0.015667 0.028000
0 0.471333 0.520000 0.017333 0.027000
0 0.504000 0.521250 0.014667 0.027500
0 0.542500 0.525000 0.017667 0.028000
0 0.558833 0.498250 0.014333 0.029500
0 0.579833 0.512750 0.015000 0.025500
0 0.603333 0.538500 0.017333 0.032000
0 0.610500 0.511500 0.011000 0.024000
0 0.642167 0.534250 0.015000 0.030500
0 0.688500 0.538000 0.017667 0.031000
0 0.754500 0.531250 0.019667 0.033500
0 0.787833 0.536000 0.018333 0.030000
0 0.909833 0.551250 0.020333 0.046500
